timing:
  default: 2.5
  gripper: 1.0

scara:
  joint_names: [Joint_1, Joint_2, Joint_3, Joint_4]
  stages:
    home: [0.6849, -2.5299, 0.0, 0.0]
    pre_pick_belt1: [0.7284724674144405, -1.1742983109061287, -0.1227409210566611, 0.3027]
    pick_belt1: [0.7283315080791395, -1.1743202285032028, -0.37985171323057204, 0.3027]
    lift_belt1: [0.25, -1.60, -0.10, 0.0]
    pre_place_belt2: [0.03360537734912761, -0.9136791711105747, -0.07971313454812703, -0.6528]
    place_belt2: [0.030360038537413203, -0.9186182175500379, -0.3746435637397818, -0.6512092675774661]
    retreat: [0.60, -1.00, -0.05, 0.0]

bobby:
  joint_names: [joint_1, joint_2, joint_3, joint_4, joint_5, joint_6]
  stages:
    home: [0.0, -0.75, 1.25, 0.0, -0.5, 0.0]
    pre_pick_belt2: [-0.45, -0.65, 1.15, 0.0, -0.45, 0.0]
    pick_belt2: [-0.45, -0.80, 1.35, 0.0, -0.55, 0.0]
    lift_belt2: [-0.45, -0.55, 1.05, 0.0, -0.35, 0.0]
    pre_drop_box: [0.75, -0.65, 1.10, 0.0, -0.45, 0.0]
    drop_box: [0.75, -0.85, 1.35, 0.0, -0.55, 0.0]

gripper:
  joint_names: [finger_left_joint]
  open: [0.04]
  close: [0.0]
